%YAML:1.0
---
r_vec: !!opencv-matrix
   rows: 3
   cols: 1
   dt: d
   data: [ 3.2806977747700355e-01, 2.3254047609996841e-02,
       -3.1230355721578813e+00 ]
t_vec: !!opencv-matrix
   rows: 3
   cols: 1
   dt: d
   data: [ 9.4657846307198229e-02, 9.0378743188146815e-02,
       1.3718468540583917e+00 ]
