%YAML:1.0
---
img_width: 2048
img_height: 1536
size_scale_factor: 1.
fx: 3.7000101516838527e+03
fy: 3.7010299701241129e+03
cx: 1.0461304590200034e+03
cy: 8.2397412814247537e+02
has_dist_coeff: 1
dist_px: 2.2531406445328936e-04
dist_py: -1.7002216649125005e-03
dist_k0: -6.6028629822859508e-02
dist_k1: 2.5592562998188378e-01
dist_k2: 1.6659926885575650e-02
dist_k3: 0.
dist_k4: 0.
dist_k5: 0.
term_epsilon: 9.9999999999999995e-08
