%YAML:1.0
---
r_vec: !!opencv-matrix
   rows: 3
   cols: 1
   dt: d
   data: [ 3.3012809775777435e-01, -9.1330210200313879e-03,
       3.1241689402109967e+00 ]
t_vec: !!opencv-matrix
   rows: 3
   cols: 1
   dt: d
   data: [ 1.8724133278941016e-01, 1.0626049621112608e-01,
       1.3109648112678329e+00 ]
