%YAML:1.0
---
img_width: 2048
img_height: 1536
size_scale_factor: 1.
fx: 3.7084301822713956e+03
fy: 3.7100635745492714e+03
cx: 1.0412376769915952e+03
cy: 7.6581114160247250e+02
has_dist_coeff: 1
dist_px: -8.5361446411436862e-04
dist_py: -1.1767942878733119e-03
dist_k0: -8.3189944602856614e-02
dist_k1: 8.1928239103153266e-01
dist_k2: -5.1605281808020509e+00
dist_k3: 0.
dist_k4: 0.
dist_k5: 0.
term_epsilon: 9.9999999999999995e-08
